20
19 4 2 12 20 10 13 18 15 9 6 3 1 17 14 8 16 5 7 11
500
4 1 17
11 12 2
7 8 12
4 2 12
12 4 10
11 7 13
2 20 11
3 13 19
9 1 16
5 7 16
15 9 19
1 18 8
8 3 6
4 10 5
15 5 11
20 9 2
18 3 4
10 3 8
8 15 16
9 8 11
15 6 1
6 5 20
12 15 11
5 11 18
14 20 4
9 18 17
17 18 7
1 17 15
16 14 1
14 8 4
8 16 7
3 10 19
12 2 10
6 3 1
12 20 7
9 17 2
10 11 4
16 11 1
11 17 12
20 18 8
14 17 12
11 10 12
11 3 9
14 8 13
16 8 17
18 12 2
6 17 14
1 7 9
19 18 6
13 19 17
1 18 16
18 13 9
18 1 14
5 3 15
12 8 7
6 17 12
2 3 1
10 8 11
16 5 13
9 18 13
10 8 2
19 2 11
10 18 9
13 14 5
15 8 2
19 12 6
17 12 14
14 9 2
7 6 20
6 2 4
11 7 3
4 15 16
20 3 16
3 13 2
1 2 4
20 19 1
1 18 13
14 15 7
18 13 12
20 18 2
9 12 4
1 17 5
1 17 8
12 13 15
20 16 2
11 1 10
20 6 4
16 11 19
9 17 16
8 9 20
8 14 10
5 13 2
4 15 8
13 9 3
8 1 12
14 11 12
13 19 9
13 10 2
13 6 14
17 14 3
18 12 3
8 14 6
17 16 18
9 1 2
1 14 15
14 20 19
14 13 10
17 3 14
8 6 12
11 14 10
11 7 19
14 1 6
9 16 7
7 20 12
13 5 12
5 14 20
1 3 17
14 5 9
13 9 19
6 14 10
14 19 5
15 6 14
19 2 6
14 17 1
4 10 19
1 20 19
13 3 5
5 8 20
11 17 6
8 13 11
7 14 9
17 7 13
11 9 20
1 4 5
13 10 15
5 6 13
17 15 2
17 18 10
1 3 15
6 14 2
6 14 8
9 6 11
17 20 14
16 10 2
11 5 3
1 9 11
5 10 2
6 1 15
12 4 8
6 16 2
4 20 11
15 5 2
15 20 1
5 18 2
10 15 9
1 17 13
5 8 2
5 6 2
14 1 9
5 14 4
3 17 13
17 1 9
5 7 13
16 7 2
10 14 8
3 18 17
4 20 9
15 2 4
2 1 17
18 20 15
1 2 7
1 18 17
20 3 1
9 16 13
12 4 19
14 7 17
16 10 4
6 3 13
18 6 16
9 16 20
4 12 6
17 6 13
6 1 20
1 7 19
5 14 18
14 5 10
3 13 10
4 13 16
20 18 3
7 5 15
9 13 17
13 12 7
1 8 4
9 15 11
9 13 11
14 15 11
1 4 19
4 6 1
18 15 1
4 2 3
8 14 20
12 14 7
8 18 2
17 8 9
13 15 10
17 2 8
10 17 19
6 15 3
20 12 5
17 1 16
1 17 4
13 4 11
13 12 3
7 17 20
2 10 3
12 4 20
7 12 19
13 2 15
4 20 1
5 9 4
14 15 13
7 8 13
14 16 4
14 3 13
1 7 12
15 4 1
8 17 20
12 9 1
13 3 20
13 20 4
9 14 10
4 12 14
14 13 16
15 3 20
7 16 12
12 17 16
20 8 4
18 9 8
14 4 7
18 4 14
8 12 16
20 4 10
19 3 14
11 1 6
17 16 3
17 2 4
14 18 2
16 17 13
5 7 18
10 4 18
20 6 3
10 3 2
13 9 6
1 10 20
14 3 20
20 12 16
8 1 16
9 12 19
20 19 6
12 6 5
3 14 2
13 1 8
6 1 12
9 5 7
15 7 18
9 10 6
18 11 10
8 15 5
17 10 5
4 19 10
6 17 11
16 8 11
10 2 11
1 13 19
17 5 11
4 18 19
1 7 20
2 10 7
8 1 11
18 3 12
12 18 17
13 11 2
7 15 19
1 18 4
16 9 2
7 1 13
9 18 19
3 2 16
3 17 10
1 11 12
20 13 8
15 13 17
16 15 12
9 3 13
8 3 9
9 10 8
17 3 12
13 5 19
12 10 14
6 10 11
15 11 13
9 3 1
18 19 15
11 15 19
17 1 20
20 19 3
15 10 5
3 16 4
8 17 1
16 17 2
13 15 11
20 9 5
16 14 12
10 12 7
18 13 3
15 2 3
9 7 2
12 13 17
9 6 12
20 8 5
20 1 8
15 1 20
10 13 18
15 16 18
3 7 9
15 20 2
11 20 2
12 3 19
17 16 7
6 2 3
16 2 11
9 2 1
1 3 20
14 6 19
13 8 5
9 19 11
10 17 20
15 20 19
6 13 1
12 19 8
20 19 14
18 15 11
2 15 9
13 2 8
5 17 10
5 15 13
13 17 19
20 18 19
14 19 16
14 3 16
7 18 11
1 9 18
8 6 16
13 19 7
7 8 3
11 15 10
15 14 5
18 3 14
2 10 1
2 9 19
2 10 18
16 13 20
7 3 10
4 20 14
2 1 8
20 8 2
1 16 4
3 12 4
8 9 13
3 4 8
15 3 12
18 12 11
12 10 9
4 14 11
7 11 20
17 13 16
9 18 2
13 18 11
15 18 19
4 15 14
2 19 16
3 14 15
2 12 6
5 7 10
13 14 4
12 10 5
4 5 7
10 13 11
9 7 12
19 18 11
1 13 16
10 19 9
13 8 4
5 18 20
18 10 17
13 15 12
8 20 11
12 10 11
14 10 2
2 5 19
2 10 14
1 9 13
1 13 2
12 20 8
17 19 14
19 2 5
20 10 14
8 16 15
9 10 1
7 9 15
14 17 19
17 14 16
16 8 4
4 19 6
10 9 11
5 8 14
9 14 7
5 6 9
10 15 1
12 3 8
15 18 12
4 12 1
12 6 14
16 3 9
15 1 10
4 12 3
2 13 16
12 20 10
14 6 4
9 2 6
13 17 5
11 8 12
1 20 5
19 13 3
10 5 12
12 17 19
10 20 1
6 12 16
3 9 12
18 8 12
1 9 5
12 4 16
5 18 4
5 11 17
9 3 8
1 12 14
13 18 6
10 11 2
18 10 14
14 1 13
11 15 18
2 6 16
5 3 19
14 18 19
15 1 18
7 18 19
12 10 18
16 11 4
2 4 20
16 11 2
10 18 12
6 3 4
18 10 4
1 11 15
9 7 20
20 18 1
2 6 1
3 17 18
13 15 3
13 6 2
15 13 20
4 6 7
3 18 11
6 12 2
2 5 4
15 9 7
1 5 11
17 5 15
18 7 20
3 18 8
10 2 6
5 9 11
13 4 8
19 12 11
8 6 11
6 18 1
10 2 4
1 2 14
20 12 11
16 11 6
4 19 14
8 1 10
1 7 15
18 2 15
7 8 20
14 9 5
3 18 10
8 19 7
3 15 2
13 19 18
