35
21 28 8 1 17 25 35 34 24 18 32 19 2 4 10 6 31 11 12 14 33 23 27 29 5 30 3 16 15 22 9 26 7 13 20
500
34 35 2
7 14 21
25 3 8
1 5 16
35 19 25
14 9 4
14 25 28
18 3 17
4 18 14
23 27 22
29 16 7
9 16 19
35 31 30
12 31 16
24 23 30
23 1 26
35 10 11
5 16 9
19 17 16
35 23 17
10 7 17
32 23 5
30 9 35
34 25 30
29 11 31
27 22 17
34 10 23
13 7 12
34 3 15
30 22 20
33 6 35
32 21 10
1 35 21
9 27 11
8 10 9
2 19 6
33 15 9
1 25 33
26 11 17
23 12 3
1 24 30
25 12 15
35 30 22
33 23 9
29 7 12
9 8 20
34 29 21
2 32 20
20 27 23
26 5 12
29 20 6
15 4 18
24 2 30
32 17 11
19 8 31
13 30 24
31 22 32
2 32 29
4 14 8
32 24 8
3 34 35
35 4 21
8 17 33
14 27 5
12 11 20
15 12 18
14 29 22
25 1 24
19 1 21
34 4 22
29 8 21
9 20 29
32 28 16
6 24 16
34 25 24
34 33 23
18 1 11
12 3 22
19 13 24
27 29 25
15 7 34
29 11 28
27 7 34
13 24 1
13 3 23
32 21 7
13 26 5
18 11 3
2 24 6
10 28 27
32 2 3
8 12 29
11 1 3
1 18 29
22 19 25
1 4 22
27 23 29
5 13 17
19 11 18
19 1 15
12 27 10
32 1 19
23 13 32
14 18 16
20 11 19
31 18 25
24 32 3
2 14 32
1 6 20
23 6 3
27 18 20
23 30 32
12 29 7
20 22 27
32 27 20
6 19 29
26 15 8
5 16 15
14 28 26
19 13 8
15 12 8
18 10 26
34 35 26
34 30 9
34 7 25
12 15 22
35 28 2
30 7 18
17 25 33
17 8 6
9 15 17
14 6 9
30 8 20
28 14 20
6 1 26
23 10 17
10 27 13
31 28 23
9 21 13
28 2 5
26 13 19
34 31 26
3 26 5
23 31 28
13 26 15
14 13 8
9 27 24
27 17 20
32 25 20
4 12 9
23 27 21
17 30 15
24 14 23
13 17 8
9 13 5
9 27 8
20 15 28
11 1 21
21 24 9
7 29 1
6 13 25
3 29 18
2 32 7
18 34 13
2 15 28
16 13 25
2 32 21
28 6 21
11 5 13
31 10 13
5 18 28
4 29 17
11 1 9
2 11 12
7 20 8
34 33 8
15 22 33
27 11 29
6 16 18
25 2 6
7 12 34
28 31 3
13 22 5
18 10 33
30 23 16
16 33 13
26 10 17
14 26 32
25 24 26
24 28 18
2 10 19
18 4 11
23 24 1
13 29 11
35 1 19
4 15 19
33 12 25
32 5 35
16 22 6
7 5 27
27 29 18
3 6 2
30 25 20
18 5 8
21 17 2
9 23 31
5 25 3
5 22 32
21 35 34
1 12 20
32 8 29
5 9 25
10 31 4
17 35 21
9 29 31
4 24 8
25 8 2
3 27 10
12 6 34
16 28 9
26 16 33
25 5 8
35 19 26
12 14 33
2 21 13
14 24 21
34 21 13
21 35 4
23 12 10
5 29 20
30 12 24
34 6 27
30 35 25
24 3 35
2 19 15
18 35 25
4 2 17
17 23 1
32 33 34
3 29 21
30 6 7
25 28 35
7 9 6
9 26 30
11 9 34
33 12 1
26 4 13
23 26 13
11 29 4
29 8 13
35 18 21
2 25 14
18 4 12
15 26 21
15 30 4
14 25 8
29 22 4
17 11 21
11 13 32
9 32 34
13 20 28
31 2 21
1 24 2
21 32 30
33 3 16
18 21 6
7 6 10
24 34 18
5 9 7
18 11 26
21 4 16
5 24 16
35 21 14
14 16 31
9 3 19
11 23 25
14 13 18
23 27 12
27 23 5
4 18 23
2 13 28
23 11 22
11 2 22
18 14 20
30 33 24
12 11 5
15 11 7
22 12 6
15 20 25
26 14 7
28 35 9
35 7 17
1 10 23
14 27 19
22 12 34
27 8 7
19 10 6
3 10 8
13 23 34
30 4 35
19 2 17
13 33 25
5 1 30
15 3 30
2 35 17
12 9 17
6 19 20
32 16 18
6 22 34
8 33 28
23 5 14
8 22 9
20 14 1
8 34 30
30 32 22
14 29 17
33 23 18
10 25 5
34 4 23
23 4 2
8 31 9
35 32 22
2 23 24
33 2 32
18 32 29
20 5 4
29 4 19
7 27 35
10 9 28
32 33 25
32 6 18
6 15 17
4 13 20
19 20 1
19 1 3
24 26 25
29 32 3
7 16 35
20 6 21
12 20 24
16 30 19
5 15 19
28 32 13
25 35 15
1 28 6
12 19 28
29 11 35
18 15 26
6 4 11
7 31 19
10 4 9
31 8 33
1 32 28
32 29 22
34 22 35
35 15 1
11 23 16
27 23 3
33 29 13
15 34 7
5 30 11
5 35 3
5 18 30
4 30 16
20 7 19
6 24 5
25 21 18
24 5 28
6 22 1
24 2 10
27 24 7
7 3 29
35 20 17
28 5 3
19 3 26
19 16 20
5 25 28
30 14 32
35 34 18
31 29 25
5 11 18
11 32 33
4 19 10
35 23 9
31 29 28
7 26 1
18 17 3
4 19 9
19 22 9
3 30 24
34 1 22
13 11 25
6 20 19
14 12 18
26 33 2
32 7 17
3 14 12
25 5 9
35 15 9
32 19 10
32 23 29
3 9 11
24 18 32
28 23 27
25 35 10
9 16 33
16 22 12
15 6 18
8 11 26
17 33 20
8 32 22
16 5 6
19 32 23
2 35 11
33 3 35
28 23 15
28 19 20
28 34 24
29 16 19
27 26 10
2 24 33
3 9 5
34 7 28
25 14 27
1 2 10
18 26 21
5 4 20
17 8 3
12 5 13
12 14 30
19 24 15
1 35 9
34 2 17
24 15 26
25 34 12
29 34 15
1 22 26
27 4 20
25 11 23
5 24 8
2 24 34
4 26 19
8 25 5
33 3 8
8 17 15
8 34 12
34 2 8
31 23 24
5 3 25
11 17 8
1 24 6
24 31 35
6 18 13
12 7 21
7 20 22
23 11 1
1 25 21
27 3 11
4 15 28
29 27 26
17 20 21
33 24 9
17 33 15
17 28 22
11 5 20
32 25 3
32 28 29
3 12 9
30 32 7
2 35 7
4 22 35
21 10 3
21 4 11
23 6 25
6 10 11
24 1 15
2 4 23
19 17 29
24 17 20
28 21 22
16 27 20
27 16 32
22 5 8
32 34 27
9 18 20
35 11 7
18 34 15
34 19 1
13 2 35
9 20 11
30 10 22
18 5 20
9 15 26
27 2 25
13 3 28
20 6 4
25 9 1
6 15 2
19 12 24
17 24 18
