50
31 4 22 36 19 12 29 9 25 20 15 30 18 39 38 21 49 44 50 10 32 2 13 42 17 47 33 40 45 26 35 34 14 43 41 1 5 24 27 16 48 46 8 6 37 3 11 23 28 7
500
8 35 38
13 10 8
7 48 25
10 9 11
22 35 11
14 7 13
21 40 46
11 48 14
28 34 12
15 30 49
18 21 44
23 21 9
33 17 13
21 13 6
18 16 25
12 25 27
9 13 3
46 47 23
12 15 21
15 32 20
38 41 27
25 16 37
9 44 19
7 21 22
50 31 1
17 15 35
2 13 6
44 26 14
10 27 16
42 4 45
7 49 38
38 48 28
25 21 26
36 12 6
48 3 32
30 39 43
32 18 25
40 7 42
5 32 50
29 35 34
25 38 8
31 47 28
28 10 15
5 43 50
16 29 11
15 25 48
49 21 43
2 14 21
46 14 29
30 44 33
9 41 31
7 11 41
29 33 22
20 19 39
23 46 9
39 31 42
11 20 7
16 40 7
21 21 9
23 21 9
34 46 26
26 40 43
34 28 15
46 39 29
43 21 24
47 10 34
43 19 36
1 49 5
10 39 29
26 22 43
15 38 34
50 39 22
34 26 27
34 22 31
35 48 33
7 13 29
28 32 39
22 21 5
38 20 50
6 37 24
21 38 24
20 29 15
23 27 35
31 19 37
12 15 1
30 12 38
45 13 44
8 28 42
31 38 47
19 42 26
21 34 8
26 11 29
12 22 28
27 43 3
24 3 39
42 35 12
15 18 36
4 19 27
46 37 30
34 19 4
42 35 39
46 1 44
27 43 9
24 26 8
3 6 4
50 23 29
19 15 11
2 6 30
48 23 26
47 28 18
37 23 28
33 10 19
42 37 3
24 37 47
10 45 20
6 27 38
9 8 19
35 42 13
32 17 22
42 15 25
15 32 45
2 10 47
16 6 20
27 1 28
38 37 3
17 14 50
23 24 2
41 1 14
17 10 6
48 43 8
47 36 16
29 47 23
27 7 50
11 2 36
46 48 27
1 34 13
2 44 48
2 5 32
42 17 9
5 41 6
43 50 4
20 40 1
26 45 4
27 26 50
18 9 4
10 20 3
39 38 1
9 32 17
38 22 44
33 2 25
2 49 46
24 43 2
46 27 18
50 40 15
29 31 37
14 26 50
16 49 29
11 13 19
8 16 36
4 8 3
44 1 5
43 35 22
12 13 34
41 42 16
31 33 26
19 41 22
34 25 6
44 4 3
44 27 39
8 3 9
28 3 4
32 1 22
40 9 46
16 24 28
24 15 31
35 18 20
23 17 22
50 49 11
45 50 25
39 5 7
9 19 27
15 38 10
28 42 9
46 7 47
25 22 6
17 22 41
43 47 41
47 13 9
29 48 19
43 13 8
23 37 12
38 12 43
27 15 12
48 43 37
18 44 15
24 8 19
2 9 35
8 9 31
21 9 50
39 38 32
45 14 44
28 43 17
1 5 19
44 32 12
45 25 3
41 22 48
3 21 30
42 24 48
50 30 28
44 28 39
26 15 9
6 29 12
17 35 19
18 38 23
10 32 45
50 40 4
8 13 6
13 29 11
38 8 23
38 33 11
42 20 45
37 7 21
39 48 36
38 37 12
49 22 47
41 16 26
24 6 35
50 33 34
19 4 43
47 42 31
27 42 39
12 44 33
50 38 46
33 40 4
13 11 15
50 9 19
39 22 49
44 21 3
8 6 19
14 41 34
28 2 7
33 30 31
7 8 17
35 41 9
33 30 48
31 44 26
40 50 29
48 23 32
25 30 31
35 43 18
16 7 18
49 10 31
29 30 31
26 20 35
19 35 43
36 12 13
2 24 15
12 30 35
16 6 29
36 8 22
45 46 9
19 39 28
47 7 4
35 48 17
24 43 32
15 6 12
40 3 18
47 7 2
44 42 16
7 48 33
35 21 28
47 11 29
35 25 12
19 20 49
6 11 24
26 35 42
13 12 40
18 36 24
37 33 39
31 15 24
2 31 35
18 32 14
28 1 50
2 24 4
42 3 38
6 26 4
40 45 38
40 18 30
29 4 8
28 17 44
7 6 26
39 21 16
30 12 4
43 48 20
32 14 20
32 16 28
28 49 22
31 26 35
44 35 21
5 24 17
17 22 43
28 25 36
17 19 37
41 22 1
20 33 35
1 7 40
42 20 36
24 33 15
29 44 37
29 40 23
39 41 3
33 50 46
45 18 25
42 24 46
20 10 41
41 36 1
1 47 38
41 50 12
6 3 36
47 42 22
40 44 45
1 19 8
33 25 36
2 35 27
8 16 50
32 43 48
35 48 47
49 27 16
6 48 47
16 43 3
27 11 35
5 20 27
49 31 2
30 12 46
44 43 25
47 29 33
20 19 10
48 24 42
46 6 39
38 8 31
29 20 39
6 40 50
25 32 40
50 18 35
24 1 20
14 41 42
26 6 15
45 18 22
5 33 49
28 16 29
6 20 37
24 27 23
17 49 4
33 25 43
38 42 35
16 23 21
3 27 17
14 35 5
45 44 36
9 15 33
17 2 34
23 7 31
50 25 41
24 45 37
43 20 16
33 34 23
35 20 25
39 29 40
48 7 35
35 29 24
11 47 4
33 31 27
46 34 25
11 45 12
21 31 50
8 49 9
17 41 20
21 4 11
5 3 4
35 27 31
28 2 9
39 15 13
49 42 40
34 21 39
16 3 38
20 38 19
49 38 25
44 27 6
30 42 26
40 36 31
35 46 29
30 14 12
35 22 37
14 47 41
12 39 13
16 43 42
15 47 23
32 34 3
20 26 41
14 37 10
50 13 19
12 22 34
2 19 16
44 14 9
5 35 36
10 26 18
5 21 29
33 5 10
24 13 30
27 26 36
15 47 27
30 49 7
4 19 34
37 2 15
30 20 4
5 34 30
20 34 1
14 26 17
18 34 41
37 6 42
34 5 49
49 35 12
5 44 15
40 26 3
13 2 29
49 4 27
50 49 13
43 31 8
35 47 31
30 41 46
14 1 33
37 23 24
16 27 19
13 46 6
45 26 37
10 6 23
44 1 21
2 19 35
39 31 2
44 45 6
34 31 48
49 25 31
24 14 21
3 43 40
31 15 23
38 29 2
32 16 4
36 35 46
11 26 32
30 19 32
16 1 48
13 45 46
50 17 15
29 40 27
1 23 34
15 38 6
1 48 34
14 23 47
43 50 39
25 36 28
10 32 19
8 47 10
2 13 20
40 30 24
38 17 48
39 44 27
26 22 37
47 50 43
5 6 13
45 35 10
10 12 46
26 35 13
27 39 16
33 8 18
36 10 6
20 19 11
13 28 22
45 29 5
24 35 7
34 4 7
3 30 29
11 37 44
48 45 30
42 44 39
24 6 12
27 38 19
21 19 13
12 5 22
14 2 15
39 41 15
32 23 4
21 10 19
10 37 30
37 34 22
18 20 32
32 43 27
11 3 14
46 7 20
47 38 14
16 46 34
